$ 1 0.000005 10.20027730826997 57 5 50 5e-11
a 240 240 384 240 8 15 -15 1000000 2 2 100000
r 240 288 240 368 0 1000
r 240 160 384 160 0 2000
w 384 160 384 240 0
g 240 368 240 384 0 0
R 96 288 96 336 0 0 40 2 0 0 0.5
w 240 160 240 224 0
r 240 160 160 160 0 1000
r 192 224 160 224 0 3000
d 160 224 112 224 2 default
w 112 160 112 224 0
i 48 224 112 224 0 0.001
g 48 224 48 192 0 0
w 192 224 240 224 0
w 96 288 192 288 0
w 192 288 240 288 0
d 192 288 192 256 2 default
w 112 160 160 160 0
w 240 288 240 256 0
w 192 256 192 224 0
